21005573276
42166568534
85998593558
110780746055
131745607892
79165680056
83454145642
83998691677
44678779137
112998780481
129199259563
158131134558
142980564238
148075726357
55894617936
27065765319
44678779137
140947523650
129718449556
144442120016
83338505007
68176268977
60966177333
71385993225
51965169260
41907973279
9398813320
130611907671
111681555656
44678779137
60064582115
145926548245
108443079808
146567827695
12038152532
108873537831
84775231119
127632455224
127457746555
83998691677
68810734690
78668064225
83454145642
23362084794
78664828548
130611907671
19503163675
90524469468
39681388260
14261751710
60966177333
60064582115
145926548245
108443079808
9961626666
77335136164
51965169260
152934563028
149249325051
108443079808
43314477068
107330513654
12038152532
53640248339
83338505007
70757468054
38322869746
95040455986
63405580219
54767137353
146348669792
60064582115
78664828548
168535761276
102982394455
107330513654
77687826004
107622904147
98952814990
100615221273
138297682668
44069117493
51965169260
107559530805
94150219084
127457746555
148230970406
31799859392
79165680056
27065765319
42166568534
81173080514
8446622471
121433442173
150812721710
77687826004
107622904147
145926548245
144442120016
18625348083
10557763842
132246345698
40832792727
79165680056
133077344457
20257065889
50423788146
68176268977
77015268982
108443079808
55894617936
27065765319
44678779137
140947523650
129718449556
144442120016
103418594777
79167403523
55894617936
125754058630
152934563028
116576465394
53640248339
79165680056
153265408469
142980564238
8446622471
116590201897
118181206436
112998780481
12483956270
23362084794
50671472347
86358356978
79165680056
83454145642
83998691677
107330513654
77977055203
51965169260
85304210430
115202256884
42166568534
138772559146
44678779137
112998780481
129199259563
158131134558
142980564238
148075726357
84613920459
128175211177
74881924000
107849886748
155757095750
122523024829
43314477068
124864349117
51965169260
27671555130
60966177333
77687826004
130611907671
68176268977
131745607892
88680925739
60064582115
78664828548
168535761276
139778369445
13746649093
79165680056
153265408469
142980564238
8446622471
116590201897
75051329715
9546529113
31806404916
77015268982
31764108541
122115991305
130611907671
74881924000
21921681475
79165680056
110905578532
66342095376
90524469468
83338505007
8364278242
133077344457
168535761276
93316811226
21005573276
63850807996
42166568534
165620433111
110780746055
86358356978
8446622471
53596903734
103738843754
12396209059
133687876476
37898011703
42166568534
64444534160
107622904147
37898011703
78664828548
9982505040
10557763842
120786351371
116590201897
19503163675
90524469468
39681388260
14261751710
60966177333
60064582115
145926548245
108443079808
79165680056
83454145642
83998691677
148075726357
125754058630
57798684641
86199794497
12396209059
133687876476
138075037590
148230970406
8446622471
121433442173
92173368226
146567827695
127632455224
12343710081
83998691677
14261751710
60966177333
60064582115
145926548245
108443079808
9961626666
77335136164
8446622471
116590201897
85998593558
77335136164
77015268982
136022954774
130611907671
66016278485
124864349117
51666955131
129718449556
20257065889
50423788146
68176268977
77015268982
108443079808
31806404916
145177574352
26205879812
79165680056
83454145642
83998691677
6474110864
65510165300
42166568534
85998593558
110780746055
86358356978
166400608918
14261751710
60966177333
60064582115
145926548245
108443079808
146567827695
157977558216
112496729302
30237892057
60064582115
79165680056
27671555130
60966177333
77687826004
130611907671
68176268977
131745607892
88680925739
60064582115
78664828548
56080010004
78668064225
21005573276
42166568534
19503163675
90524469468
144359384966
55894617936
27065765319
165620433111
87108010192
127457746555
83998691677
60966177333
63850807996
42166568534
85998593558
77335136164
77015268982
136022954774
158845568412
27065765319
79165680056
132246345698
12396209059
42166568534
22465496587
88680925739
63229239762
31806404916
133077344457
89471763339
8446622471
121433442173
92173368226
127457746555
74881924000
142980564238
31806404916
40832792727
160406273978
92173368226
27065765319
12440325161
101016464085
108443079808
78668064225
83454145642
83998691677
5001499567
133687876476
167705411508
144442120016
83338505007
112998780481
60966177333
124864349117
8446622471
145177574352
83338505007
68176268977
131745607892
88680925739
60064582115
78664828548
56080010004
107681595674
121433442173
49839342815
53640248339
110780746055
55391508833
9982505040
73788125101
42166568534
56137479042
120161876040
107622904147
79165680056
110905578532
11975258704
107622904147
157977558216
112998780481
129718449556
108443079808
146567827695
78668064225
30952296449
12513165843
108443079808
145926548245
144442120016
77335136164
42068230703
8446622471
121433442173
92173368226
121433442173
163285061598
142980564238
108873537831
44678779137
94957766099
74881924000
5738945653
8446622471
121433442173
150812721710
77687826004
107622904147
145926548245
144442120016
77335136164
22206860573
63509036239
94957766099
44678779137
112998780481
129718449556
37152715410
145926548245
121433442173
14261751710
158845568412
111020366289
10557763842
60966177333
133077344457
160631646411
128027718431
78668064225
83454145642
83998691677
86358356978
83998691677
132246345698
31806404916
129199259563
40905129524
41907973279
111020366289
31799859392
126464566134
167705411508
85998593558
28457866710
103603063630
63850807996
155757095750
27449362732
128005428000
8446622471
121433442173
102068566690
145926548245
88680925739
42166568534
81173080514
102068566690
131849786249
110905578532
9398813320
93316811226
76343127374
25102097553
133077344457
44678779137
83454145642
89471763339
51965169260
60966177333
42166568534
13746649093
110780746055
40950856357
165620433111
160273028825
74881924000
44782672866
22206860573
63509036239
89471763339
149249325051
31764108541
83338505007
85998593558
110780746055
131745607892
79165680056
83454145642
83998691677
44678779137
112998780481
129199259563
158131134558
142980564238
148075726357
55894617936
27065765319
44678779137
140947523650
129718449556
144442120016
77335136164
84613920459
74881924000
107849886748
8446622471
103603063630
148230970406
129718449556
133077344457
93993762129
83454145642
155757095750
128027718431
86358356978
78668064225
55391508833
31806404916
13755574513
107330513654
133077344457
93993762129
138772559146
23362084794
50671472347
86358356978
139778369445
15628037054
78664828548
134596096063
146567827695
12038152532
55894617936
27065765319
77015268982
56543619246
128005428000
142980564238
8446622471
116590201897
77687826004
25102097553
128175211177
87108010192
9398813320
9982505040
107622904147
133077344457
93993762129
81173080514
8446622471
112998780481
77335136164
89471763339
107622904147
78664828548
9982505040
10557763842
121486472069
131849786249
110905578532
9398813320
155757095750
107622904147
34949271351
160406273978
26205879812
83998691677
126517116981
95040455986
148075726357
8446622471
121433442173
20257065889
30952296449
12396209059
57798684641
12343710081
78664828548
20257065889
50423788146
68176268977
77015268982
92173368226
83454145642
83998691677
146567827695
148075726357
126517116981
131489711963
83059423535
21005573276
42166568534
85998593558
110780746055
131745607892
79165680056
83454145642
83998691677
44678779137
112998780481
129199259563
158131134558
142980564238
148075726357
37152715410
57798684641
109994604423
44090528777
68230089827
58673575811
86358356978
108873537831
86358356978
6408448877
31799859392
155757095750
107622904147
150812721710
77687826004
107622904147
145926548245
144442120016
18625348083
113993130463
34949271351
131745607892
53640248339
168535761276
12440325161
5215908909
27894826028
145926548245
144442120016
77335136164
93316811226
4511414552
73788125101
103396513546
31799859392
70492115224
127457746555
106553005188
37152715410
145926548245
121433442173
14261751710
158845568412
23362084794
83454145642
79165680056
53090518852
117117521976
55457464285
124864349117
142980564238
8446622471
145177574352
130611907671
89471763339
149249325051
31764108541
83338505007
148075726357
125754058630
57798684641
103603063630
117638620462
5001499567
49763933249
86358356978
30155628602
55894617936
77687826004
66855456381
102068566690
15417613794
12396209059
42166568534
6474110864
65510165300
142980564238
78668064225
153265408469
133077344457
93993762129
60966177333
63850807996
42166568534
132246345698
40832792727
79165680056
146567827695
27065765319
48224919558
26061921096
55391508833
53640248339
77335136164
9982505040
73788125101
132152099657
157977558216
112496729302
30237892057
60064582115
79165680056
154565385563
145930987265
155757095750
79165680056
77015268982
167705411508
133687876476
158845568412
128027718431
155757095750
83338505007
107330513654
160273028825
77015268982
107330513654
92173368226
83454145642
143653385979
132152099657
78668064225
21131064748
59579066143
74881924000
128027718431
8446622471
121433442173
55894617936
59579066143
132152099657
22206860573
25102097553
92913691051
31442446066
103603063630
128027718431
8446622471
121433442173
55894617936
49839342815
38322869746
42166568534
12343710081
127457746555
157977558216
112496729302
28457866710
83338505007
5215908909
8364278242
116576465394
56543619246
86358356978
8446622471
116590201897
110921481423
58673575811
15628037054
42166568534
153265408469
133077344457
93993762129
27065765319
12038152532
155757095750
78668064225
85998593558
110780746055
131745607892
79165680056
83454145642
83998691677
44678779137
112998780481
129199259563
158131134558
142980564238
148075726357
93316811226
21005573276
63850807996
42166568534
74881924000
72275145082
9982505040
158845568412
27065765319
94907505976
8446622471
109994604423
49629912097
75272393163
133077344457
27894826028
9961626666
19439473017
92173368226
2096395088
153265408469
77015268982
145926548245
133077344457
58429611502
157977558216
43386335322
75813014416
83998691677
138772559146
24557445352
27894826028
108443079808
146567827695
78668064225
112496729302
86358356978
53640248339
83338505007
75392175180
60577652516
73788125101
133077344457
93993762129
14261751710
60966177333
60064582115
145926548245
108443079808
146567827695
103766546889
107622904147
124864349117
44678779137
83454145642
53090518852
128027718431
93316811226
21005573276
58593481976
34949271351
129199259563
81541396384
129199259563
158131134558
142980564238
8446622471
121433442173
102068566690
90524469468
83998691677
103420896731
25102097553
21921681475
12483956270
30952296449
5001499567
142652784331
145930987265
63850807996
78668064225
83454145642
83998691677
133077344457
32204078299
49839342815
142980564238
150812721710
128005428000
88680925739
42166568534
14261751710
60966177333
60064582115
145926548245
108443079808
9961626666
77335136164
8446622471
116590201897
56137479042
12513165843
55391508833
42166568534
60966177333
42166568534
27449362732
128175211177
110233589005
103603063630
63850807996
22206860573
63509036239
148075726357
125754058630
57798684641
86199794497
155757095750
107622904147
155757095750
98426449228
124679015998
112998780481
126381052761
146411075876
83338505007
60966177333
42166568534
161789891418
60966177333
55894617936
78664828548
134596096063
86199794497
51965169260
122289742705
106076216788
39722564559
63850807996
111020366289
149249325051
63850807996
31806404916
129199259563
40905129524
41907973279
111020366289
31799859392
12038152532
108873537831
84775231119
83454145642
87108010192
83998691677
60966177333
42166568534
117117521976
76856380027
42166568534
81173080514
20257065889
50423788146
68176268977
77015268982
92173368226
27671555130
60966177333
8446622471
121433442173
78668064225
133077344457
77015268982
71385993225
136022954774
158845568412
27065765319
22206860573
63509036239
15970302876
149249325051
63850807996
9961626666
83338505007
85998593558
55391508833
53090518852
18625348083
120161876040
94907505976
68230089827
58673575811
145930987265
37152715410
124864349117
148075726357
83998691677
146567827695
148075726357
126517116981
138772559146
83454145642
83998691677
148075726357
125754058630
57798684641
86199794497
53640248339
31799859392
116590201897
138772559146
128175211177
103173755334
103396513546
83998691677
62322591146
112998780481
68176268977
116134139716
69658758003
93316811226
48406083928
117117521976
107330513654
120161876040
84384433305
37152715410
57798684641
109994604423
83998691677
146567827695
127632455224
12343710081
83998691677
103420896731
25102097553
148075726357
125754058630
57798684641
103603063630
117638620462
5001499567
49763933249
86358356978
30155628602
8446622471
116590201897
110905578532
108873537831
84775231119
127457746555
116576465394
142980564238
155757095750
107622904147
31806404916
40832792727
28457866710
83998691677
120120768930
98426449228
124679015998
112998780481
108443079808
146567827695
12038152532
51965169260
55457464285
124864349117
85998593558
72275145082
128027718431
37152715410
83454145642
92173368226
81173080514
8446622471
121433442173
55894617936
27065765319
44678779137
112998780481
133077344457
168535761276
22206860573
63509036239
38322869746
131745607892
165620433111
111020366289
10557763842
85998593558
77335136164
77015268982
136022954774
158845568412
27065765319
27604510347
138297682668
92173368226
153265408469
133077344457
93993762129
91338110673
13755574513
145926548245
144442120016
77335136164
8446622471
116590201897
127457746555
5001499567
63850807996
78664828548
130611907671
108000916621
83425189891
63850807996
155757095750
107622904147
31806404916
145177574352
26205879812
94907505976
39722564559
63850807996
111020366289
149249325051
63850807996
12440325161
31764108541
83998691677
60966177333
42166568534
111047943595
77687826004
107622904147
116134139716
69658758003
150812721710
55391508833
155757095750
18625348083
12038152532
158845568412
117638620462
148075726357
125754058630
57798684641
86199794497
51965169260
142481971552
58673575811
145930987265
53640248339
83338505007
134596096063
12715102596
22206860573
26205879812
21921681475
83998691677
60966177333
42166568534
21131064748
55391508833
8446622471
116590201897
111020366289
62722781903
43314477068
153265408469
155757095750
107622904147
37152715410
71385993225
124864349117
83338505007
14261751710
60966177333
60064582115
145926548245
108443079808
27604510347
107681595674
58673575811
79165680056
75392175180
60577652516
73788125101
60064582115
78664828548
130611907671
5738945653
110049578617
142980564238
8446622471
145177574352
130611907671
142481971552
58673575811
86358356978
8446622471
121433442173
55894617936
125754058630
152934563028
116576465394
155757095750
107622904147
31806404916
77015268982
31764108541
122115991305
120161876040
147053025368
42166568534
12343710081
127457746555
157977558216
110049578617
124864349117
64444534160
10557763842
132246345698
40832792727
94907505976
8446622471
121433442173
53640248339
31799859392
153054711654
112998780481
158845568412
27065765319
22206860573
63509036239
146567827695
148075726357
126517116981
138772559146
83454145642
83998691677
148075726357
125754058630
57798684641
86199794497
78668064225
5001499567
55457464285
95040455986
142980564238
155757095750
83338505007
15628037054
78664828548
37152715410
55391508833
42166568534
85998593558
110780746055
127457746555
121433442173
77335136164
138897466390
42166568534
83454145642
83998691677
28457866710
9398813320
145926548245
115202256884
42166568534
14261751710
60966177333
60064582115
145926548245
108443079808
146567827695
8446622471
53596903734
153864623563
27894826028
136262286926
